0 9370 8820
1 5500 8810
2 9370 8591
3 5500 8560
4 9369 8363
5 5500 8309
6 9369 8134
7 5500 8058
8 8428 8005
9 9369 7907
10 5500 7808
11 8430 7729
12 9369 7676
13 5501 7557
14 8430 7459
15 9370 7449
16 5501 7307
17 9370 7219
18 8428 7186
19 5140 7052
20 4839 7052
21 5508 7055
22 9370 6989
23 2586 6969
24 8429 6910
25 3019 6911
26 5501 6806
27 9370 6759
28 2300 6739
29 3247 6631
30 9147 6610
31 8818 6611
32 8428 6606
33 5500 6556
34 2016 6509
35 1517 6470
36 7487 6356
37 8297 6352
38 8028 6353
39 7758 6354
40 3475 6354
41 7221 6342
42 5500 6306
43 7021 6228
44 1706 6252
45 6838 6091
46 3703 6076
47 5501 6054
48 1936 5998
49 6649 5949
50 2066 5848
51 6469 5818
52 3931 5796
53 5260 5700
54 2198 5699
55 6278 5688
56 5841 5690
57 5073 5690
58 5526 5688
59 2334 5549
60 4452 5523
61 6078 5554
62 4211 5451
63 2466 5399
64 5670 5355
65 6171 5354
66 3752 5290
67 2598 5250
68 6030 5225
69 3534 5220
70 4395 5211
71 3314 5150
72 6390 5115
73 3096 5079
74 5819 5074
75 2585 4989
76 2399 4989
77 2214 4990
78 2028 4990
79 1844 4990
80 1658 4990
81 1472 4989
82 1286 4990
83 1101 4990
84 915 4990
85 728 4990
86 544 4988
87 357 4990
88 2821 4985
89 6547 4905
90 5584 4905
91 4658 4907
92 6016 4810
93 4760 4781
94 6705 4695
95 7138 4656
96 4860 4659
97 6167 4603
98 4338 4478
99 4124 4479
100 3907 4477
101 4544 4435
102 3688 4427
103 5013 4466
104 6898 4449
105 6667 4302
106 4379 4267
107 6091 4236
108 4669 4283
109 4157 4217
110 3465 4253
111 7069 4198
112 6526 4194
113 6203 4122
114 3629 4097
115 3198 4069
116 6318 4007
117 7229 3987
118 4925 3999
119 4474 3935
120 3016 3937
121 4124 3975
122 3807 3921
123 4742 3835
124 2830 3804
125 7391 3770
126 3959 3773
127 2646 3667
128 4335 3614
129 5201 3643
130 4536 3630
131 7550 3556
132 4124 3608
133 2463 3535
134 2278 3399
135 4799 3355
136 7712 3342
137 3367 3317
138 5431 3357
139 4127 3277
140 2096 3267
141 4527 3187
142 7875 3128
143 1926 3076
144 5655 3065
145 5086 3065
146 4532 3001
147 8038 2913
148 3370 2908
149 5816 2863
150 1914 2838
151 4128 2829
152 4527 2816
153 5316 2808
154 4861 2755
155 5976 2663
156 5486 2641
157 4527 2626
158 1914 2602
159 4860 2524
160 6138 2459
161 3757 2416
162 2926 2416
163 2522 2418
164 5550 2404
165 4128 2412
166 3370 2413
167 1915 2365
168 4861 2294
169 6298 2257
170 4127 2148
171 1914 2127
172 6172 2068
173 5935 2068
174 5550 2051
175 4474 1994
176 5221 1988
177 6679 1978
178 4874 1977
179 1914 1889
180 6605 1865
181 6845 1765
182 5028 1735
183 4888 1667
184 6786 1633
185 7009 1554
186 4887 1456
187 6971 1401
188 7171 1338
189 4888 1245
190 9801 1185
191 9510 1186
192 9219 1185
193 8929 1185
194 8637 1186
195 8347 1186
196 8056 1187
197 7764 1187
198 7472 1186
199 7161 1159
200 4888 1035
201 4888 825
